commercial_ratio,institution_ratio,other_ratio,public_ratio,residential_ratio,theft_ratio,battery_ratio,criminal_damage_ratio,assault_ratio,deceptive_practice_ratio,other_crime_ratio,hotspot
0.045602068510657005,0.292514591658825,0.12795740560823815,0.08871702502856774,0.01648363724095683,0.016480860063220134,0.005814952441835479,0.1954453959937589,0.08931365296689894,0.11964919598597079,0.0020212145010706957,0
0.3873469095552209,0.1975043845185701,0.026388867499619554,0.022186702132333827,0.022400348511797896,0.040105389174412594,0.08224730099598275,0.06252474423768074,0.03805666477830344,0.10462903374564923,0.0166096548504289,1
0.057317907574473435,0.07569227578453416,0.10101677332910813,0.25512971508819343,0.03694987089009238,0.11977812554469688,0.14888793954735302,0.00789041374271211,0.15516331327137248,0.03101518568224192,0.011158479545222052,1
0.22117963677852445,0.25070378823495615,0.12289861024093696,0.02702095259945793,0.0076444639719618025,0.08574033751459949,0.043146520674342465,0.00968058042098944,0.05084149316878384,0.00260279462265598,0.1785408217727913,0
0.02073471774023815,0.07521329923224662,0.02586469122697806,0.05083047893195709,0.05478502610149209,0.014152044955485063,0.24184501328514654,0.10332437187161643,0.19422718498865799,0.1559409692733699,0.06308220239281215,0
0.34327854364306865,0.012475951055139324,0.029371585920528694,0.006231813485881364,0.05298864318470961,0.06626477816361459,0.04262449984155757,0.23759568847256532,0.05941070836555972,0.04440757336751042,0.10535021449986491,1
0.01117848752086303,0.11925461839417505,0.005701603640999904,0.31895846964429736,0.10887816057878895,0.016303529085808253,0.00040750980481515074,0.1243628728177938,0.09030443415166711,0.09608633641521086,0.10856397794558055,0
0.010737026773841448,0.06195415329411117,0.017188074804928666,0.27753930976555047,0.1362624739068794,0.05608189807160408,0.009165299785760833,0.05198824354540022,0.054894911699541075,0.18254037933970324,0.14164822901267957,0
0.21976259460748365,0.06435683744778858,0.012826973615298254,0.12579264788797184,0.14404699152169942,0.0829691808318857,0.14842735681059588,0.06856110928047969,0.07448898995673528,0.05617440125292151,0.0025929167871401003,1
0.015877296043193295,0.004441025681156085,0.14070150186634128,0.05248466220859387,0.09880069007851155,0.331163240299453,0.03987684554646972,0.07346831691014988,0.19591512438268283,0.036131173333213765,0.011140123650234934,1
0.023815103907104927,0.012237360748936126,0.18480112236147486,0.11491206067793644,0.06984946861247775,0.142798597519096,0.11331681488794791,0.014373375980432547,0.15527855806366814,0.05395179841134619,0.1146657388295793,0
0.2582458950771767,0.043651963037678466,0.013297800374733212,0.029504254026142533,0.0635346492209401,0.19432856851878544,0.2248397480409102,0.000795687261746413,0.08153447409707457,0.061620324743438454,0.028646635601373992,1
0.009108228417105327,0.029383974993616946,0.2042440570209792,0.02784848013025943,0.052179031960551535,0.08660829881392013,0.0322421236766499,0.25451300701929813,0.23412596994385673,0.020691857988278942,0.04905497003548392,0
0.05735350168567323,0.05371921371318173,0.006022402810881178,0.15070109866187423,0.11192829727350655,0.008468669943573906,0.05233737387736067,0.3827825677504052,0.04388243916276712,0.025081947474957494,0.10772248764581863,0
0.3545802717906648,0.02315486027099247,0.09316883152989755,0.1197982643204858,0.022669309995825525,0.10884190477886764,0.03830860556855148,0.08358996216373703,0.08386851741354907,0.06411340702516166,0.007906065142267004,1
0.26988318421498336,0.05787924211857555,0.03088887259463707,0.006229148980577244,0.1337379524971116,0.16936136820164277,0.002502888530867036,0.1073805817343369,0.038429140156420474,0.15503747602165552,0.028670144949192435,1
0.0912354514066519,0.03799173212333845,0.21447668828453434,0.011495172318749181,0.03241088390594614,0.009358432529641083,0.20094509534517535,0.16303898866688404,0.023179817652685977,0.08381907290771229,0.13204866485868108,0
0.06787438748200016,0.06319492399219136,0.023197270938539585,0.008187676789130606,0.19061403154577466,0.19326582782485063,0.08400554024759206,0.03468958235255397,0.035989969318854384,0.10845270775864156,0.19052808174987104,0
0.23160692725191154,0.16071993669543927,0.10908657108176953,0.009332918558349128,0.018720073198672745,0.24297928627824178,0.099018308546671,0.0009811217780191746,0.011361631069454583,0.11565438861354194,0.0005388369279291813,1
0.018109858927503362,0.08219438532533625,0.12161489036356926,0.10902551048984684,0.026232637612530665,0.12864972430337407,0.027975685135831877,0.04066189136757754,0.14176246165941958,0.1083367504766036,0.1954362043384069,0
0.08950122865929273,0.07014747653174598,0.00821325686489902,0.03827982278755403,0.025732757898805088,0.023356224596532624,0.30164407711457125,0.04170110135366391,0.18588561894990038,0.08328190543336322,0.13225652980967184,1
0.06224579165852555,0.07665861568003465,0.06045071069691714,0.01935857572979397,0.11423287935688618,0.029372518099145234,0.0021938643410619792,0.09241649265752333,0.01737282462064137,0.25141992064938423,0.27427780651008626,0
0.14071092090339582,0.026404962159445995,0.0008897461320780153,0.15053600355201818,0.0319254735622802,0.1942495197280777,0.18927416260228985,0.1095174387561396,0.019921414583187122,0.027776054815249602,0.10879430320583794,1
0.029974747267671596,0.014605597871112217,0.06399528230359637,0.21637187946754488,0.09365092289822767,0.06638411156580422,0.008039602983015762,0.07506782068780403,0.3625922324691466,0.011868952305023427,0.05744885018105296,0
0.13856390018453296,0.08913811153550676,0.07884062158721851,0.08004317189110052,0.029414324966873823,0.022948327326283793,0.10943073026805127,0.1096917789218244,0.13323829126165987,0.16140957204115944,0.0472811700157886,0
0.06801677632274081,0.15641180262153365,0.10255689415137313,0.11827003785516768,0.15520712468438524,0.21565411693193504,0.040299272043467026,0.04601022840199594,0.009642541024778274,0.08435500797702401,0.0035761979855990908,0
0.08667565688079962,0.10821121164621736,0.04670289621071088,0.12361207737192176,0.004284637861673685,0.005265148771632804,0.23921322029270786,0.06177405220071773,0.018796906021433996,0.10217455321423664,0.20328963952794754,0
0.024200962395333467,0.0970773574368466,0.008880431425787011,0.005282317115607747,0.0754453619740001,0.07743639345911582,0.10099121532040974,0.12890568137469255,0.37065812433924,0.0722979944577669,0.03882416070120017,0
0.1624820459717798,0.03236531613025697,0.05922599233592406,0.008372332884493443,0.0026311859884251693,0.336857992125925,0.18524204453606785,0.12200522290448373,0.05388486518420186,0.019500720680173295,0.017432281258268997,1
0.02675012293875335,0.07400626585394435,0.11645807330748041,0.10025425040936488,0.030503075277675745,0.28775321553100836,0.12436852548159948,0.07506880263176924,0.08786772631900248,0.050530476225350326,0.02643946602405131,1
0.06609345988040198,0.21302167092228244,0.0021777215469055955,0.018532670796471133,0.007073932645054378,0.006245849487361166,0.29053196723361097,0.18268856547405565,0.09655112181948163,0.01546491011392832,0.10161813008044684,1
0.08004743230343507,0.023734648866168828,0.07099367234204819,0.06343599606589663,0.11939065325875427,0.12580394153724048,0.005785615514994667,0.058575048537683964,0.12268546375014963,0.0872839710756228,0.24226355674800545,0
0.11849705576218496,0.019605149825364588,0.008067076102471784,0.11336236223423775,0.0029618425553881583,0.09715304290486843,0.31055285012835093,0.09444519129610861,0.05415725789026791,0.11363055886406095,0.06756761243669576,1
0.06929141666196917,0.2493081521558443,0.042860768373644526,0.28540831556893936,0.20709535960093758,0.019140549868892846,0.006314483109645202,0.009331097846060253,0.0016154135179011681,0.00871441512876626,0.1009200281673992,0
0.0073127797600360716,0.0380402315813052,0.1845311353869048,0.0023316847408630433,0.1668065378276903,0.032784735350711955,0.012452099883666374,0.11814931343859844,0.09817089308787695,0.2078895467446564,0.1315310421976904,0
0.1054724954477035,0.021479225179973725,0.01266278013840634,0.09002826074660047,0.10658837899632281,0.3018974758666749,0.03449285920217385,0.030160149279842233,0.09710719533063024,0.027015398594279663,0.17309578121739225,1
0.1465457077165437,0.04200739946179253,0.10418605751058349,0.10529916713918434,0.008159070868400193,0.1745533482544504,0.052753860456390335,0.1312897115593506,0.028916891096331283,0.16933160629818375,0.03695717963878933,1
0.0009046103685774735,0.19574426382920357,0.007946766690340628,0.031932443821340674,0.2487969538155198,0.24970823455254038,0.07072949082304143,0.08295218252813003,0.04939579577555041,0.02880847709540829,0.03308078070034737,0
0.10657044285425658,0.1332544282174393,0.14970863555476116,0.14881465946434408,0.009130033557728347,0.06511223883674007,0.0056593606217676005,0.07613008190531903,0.055613958854523235,0.2087467501262652,0.0412594100068554,0
0.01732280454465383,0.021469180772875112,0.19943650645148125,0.13397129369299024,0.01483271663969761,0.01222354187286076,0.16796170601758603,0.010510902116462623,0.2400290968852323,0.17043704814719193,0.011805202858968245,0
0.005013543509038089,0.2440473247772435,0.026513649970572022,0.026186648746114975,0.09475695079752305,0.1663849563653251,0.24140722128538766,0.07916694301536362,0.02669367821267871,0.004930984875100243,0.08489809844565302,1
0.1250776174198695,0.08447557211143204,0.36240258665879216,0.01803876896615185,0.10382910855783326,0.0017473441915041158,0.09676683282034985,0.008867938523967554,0.019356445760980927,0.01913229839591901,0.16030548659319976,0
0.08858873667687799,0.056591516255469966,0.21166190675069593,0.030365354325892865,0.021747721599078777,0.1311771234044558,0.016357987736367915,0.21348137849944102,0.0007904191855453536,0.22638621915901888,0.002851636407155262,0
0.13193798989576025,0.044627968242184214,0.29489459459035305,0.004560784156764812,0.048017047976203445,0.20724692819813118,0.044050930698544086,0.0590540324115325,0.07079031190546288,0.03606011280973107,0.05875929911533248,0
0.07623636645028443,0.2009837088902898,0.004039371583699167,0.02864578502033557,0.2608874382521674,0.19190327321615405,0.05281807492134578,0.08406188549342024,0.02821421669912332,0.018099234383823295,0.05411064508935682,0
0.029674917284897948,0.059645025059882846,0.00550829826204045,0.24947013810524604,0.29159840790350117,0.08153738596380311,0.05228232414615184,0.02521134539562014,0.11441765508943716,0.07857405020102452,0.012080452588394807,0
0.15931365216819146,0.1139032815624172,0.19709075612307045,0.08522047938932038,0.06261103544855266,0.03568645980417224,0.17780683880501458,0.1324413049375959,0.0030483842056613208,0.0017603229548237209,0.031117484601180054,1
0.1024944918951816,0.2688755500474929,0.010042737211654489,0.055553681995634735,0.029539554891648494,0.2158574937865078,0.11372355677426094,0.11226201338648707,0.038962042104586016,0.03301187431654834,0.019677003589997695,1
0.002270958749086895,0.07828921148951191,0.06559697959279777,0.319839012798069,0.2228760858304577,0.03172587715760739,0.05734571022001026,0.11334534820171722,0.07415430343443484,0.011120665934228583,0.023435846592078553,0
0.013325542606584464,0.29679492619935627,0.08978817426714346,0.02501411386594879,0.10732303196043896,0.09275809825620901,0.04272577335518365,0.011614545604467872,0.10728562159151493,0.07078337865945797,0.14258679363369448,0
0.0689650224083275,0.17954990893070433,0.07539318044124306,0.0773053973280121,0.19654801672187977,0.048522559081315704,0.013513690340556153,0.002742881535512056,0.13214823058036107,0.0909502378532983,0.11436087477879009,0
0.03061369135318001,0.01874195507273174,0.0018729454444374699,0.055183974311917544,0.11395020021615318,0.06365862752319361,0.07354495443030235,0.2997767744869087,0.054725737318230855,0.09223487038928677,0.1956962694536577,0
0.03279482182087187,0.0631827046387793,0.1287651998665377,0.19389315977151095,0.010329176627162172,0.1695751023701177,0.04399021384734024,0.019396874653990447,0.03990509394322863,0.25411325461114453,0.04405439784931652,0
0.09980847626261834,0.2512604308120622,0.06876353857769896,0.019754399070349676,0.034547271892025194,0.03430770221149895,0.041253821721361494,0.037422933989137944,0.2564178569640564,0.05026438075082642,0.10619918774836434,0
0.42157343370579614,0.11924874908757377,0.20443835769013996,0.03510896821274773,0.03964264468414188,0.007746052299614777,0.03435135758381023,0.06061892564879786,0.03616399055985666,0.017242922623507257,0.02386459790401391,1
0.05882474075283263,0.022009866069799836,0.043143184455365316,0.06667044556543877,0.11166811509264378,0.0038197815585986742,0.15300699105237267,0.09415641949404517,0.008123774612050598,0.19697491511268608,0.24160176623416643,0
0.008982698479079256,0.046205207675656626,0.23388392024407903,0.19660098829986394,0.029073394540026422,0.03348036341462555,0.06596116462702319,0.09444987224841818,0.1372574897863859,0.06560875034711959,0.0884961503377223,0
0.1632361096614096,0.004432849189896689,0.03450832991541527,0.14820367944274304,0.26755910915241193,0.08501800124208601,0.09008867456461209,0.013445919749475779,0.07035340786772892,0.09021645397504346,0.0329374652391773,0
0.04040100622038229,0.0610076215055355,0.002611448120994657,0.05006739756039534,0.030597118384389468,0.051100941904538774,0.01643001229342476,0.2849138897864814,0.1159705526134779,0.14639729663524298,0.20050271497513714,0
0.09618882329025967,0.01267563695770863,0.10737149989314007,0.12321598704596393,0.1907249317396825,0.0787639845107711,0.01902551673240639,0.04652535773712464,0.0628839331624405,0.14472511963254578,0.11789920929795696,0
0.05939723560793953,0.5810363408680882,0.12559758864063403,0.03653839036599766,0.014483825149826698,0.022383359145485282,0.0380917513863749,0.023635051302085975,0.027861995725739795,0.045283401948717626,0.0256910598591104,0
0.14387256812358779,0.005299076110188284,0.04710187194456879,0.03347291804553796,0.25588437709540196,0.007528783211233521,0.03213936526678988,0.22106337281287067,0.12711364141589726,0.10762561140397402,0.01889841456995003,0
0.020236511485922776,0.11927688758475864,0.2862042803350201,0.08786279167067632,0.09154264303281635,0.03547067932881138,0.1584665080314318,0.022361506999887426,0.04223197840737856,0.05983981062069232,0.07650640250260432,0
0.05849286748562808,0.02570182979908483,0.19873181490950773,0.07175657430320732,0.1834041357974765,0.03532690067475637,0.13824452885395855,0.16024702061179846,0.011212307151036766,0.08646767126030244,0.030414349153242825,0
0.0054176129602641655,0.38073419681467446,0.03219922288848503,0.13736535504847466,0.024318329432877428,0.09467391423286568,0.1181677587112096,0.07492271223512896,0.052780528522416305,0.04391845436704057,0.03550191478656303,1
0.16242051411313022,0.1087234381159271,0.2053206881137222,0.008127194151831942,0.0803697503003343,0.1705993066996167,0.012243633997213706,0.004213372662819759,0.08274809908619543,0.05231802590035631,0.11291597685885213,0
0.016955487476519905,0.17861693686808777,0.02535917436033307,0.0201264519884708,0.02020860165082161,0.18977205357157556,0.12322756205550235,0.08337926055014436,0.050054114666140063,0.23618164004918407,0.05611871676322045,1
0.1760543176847399,0.06002525222312702,0.04911007238495863,0.06447686128064052,0.0372275777825419,0.1429102459109653,0.07251535832775831,0.027428520741942325,0.2385689464809544,0.05027390250593127,0.0814089446764406,1
0.17705793667330993,0.07313969459206072,0.009289272071747054,0.21002022076235116,0.07383295485699301,0.03047437002506891,0.011206851918003136,0.11806385546012658,0.07231595361569734,0.05697053166129816,0.167628358363344,0
0.15102727114580658,0.01598638021280828,0.036305338028129096,0.027763307716553016,0.13240415245064047,0.0033148016556260543,0.08199779594892828,0.13969759721783784,0.2034767681406337,0.040689631724726,0.16733695575831062,0
0.01245223739155195,0.19900657971653324,0.014484606453265624,0.05377465935498121,0.16950852187803203,0.017250491861011297,0.027655819558128646,0.1360570126727213,0.13521298567136916,0.10884664360792572,0.12575044183447984,0
0.07756808447146939,0.02875670982223785,0.04205032218813057,0.019866270714250053,0.237013425900774,0.08680127689419584,0.05078017077466399,0.061452954169490454,0.29172934735345096,0.016502535507873714,0.08747890220346335,0
0.05320326214663186,0.07134155769080942,0.0013792341626297534,0.15521087586435808,0.2030032536540313,0.0628418843585348,0.0900214399475923,0.19300253279210808,0.09270250650426068,0.01249045169071973,0.06480300118832405,0
0.05319307912227355,0.031456545287716485,0.07600821896404364,0.155248094806126,0.14807752517453987,0.03416343751432258,0.006850120517401151,0.238780629237636,0.10406493510270254,0.0075892469790595895,0.14456816729417865,0
0.25645832007636843,0.09199285966120643,0.11251059243053768,0.06402766898202945,0.0070820282745513545,0.05133946173901721,0.20419445051242022,0.0005838318281453846,0.051018673831369224,0.06385328483405132,0.09693882783030333,1
0.32567203473100853,0.054862275504230874,0.05498219642590133,0.1725840425462112,0.0776626572395411,0.03282397146564973,0.07771486141249974,0.019589921871805544,0.025039616068546627,0.08901896857059306,0.07004945416401206,1
0.24358196165119944,0.04450153446193883,0.08592115102555925,0.0989233408195178,0.0013033937668479286,0.10771195822613444,0.019387199700200572,0.3209795633954054,0.015915186251518734,0.052952866737474125,0.008821843964203569,1
0.4628493998557876,0.05597340150200998,0.07260560946857232,0.005571450822090012,0.11122802634412886,0.01890552866000048,0.18322051969256758,0.018422945169276672,0.016977090997988938,0.0029878032130442305,0.05125822427453309,1
0.1039677402603859,0.008492781995111469,0.1866825002584597,0.07545191871990119,0.09286096934504674,0.07262129980368941,0.06398902719546551,0.10248319879441962,0.021080217155045582,0.02509151973274231,0.24727882673973248,0
0.36192218453076047,0.05790213651119959,0.03912141035756833,0.1279743071834513,0.06511197570720723,0.0031861698705748748,0.021037422120209186,0.15596000166434087,0.13328082385085266,0.003403714991710207,0.031099853212125377,1
0.0416624381239926,0.17669719682629892,0.003156435749114481,0.017431027235266548,0.2551196066610332,0.031184440788939657,0.1677045899247925,0.043134955021777714,0.016607166015634504,0.04417681005333118,0.20312533359981869,0
0.22711894049116726,0.2080438725874148,0.059382368087136726,0.129393275948631,0.026913219522522576,0.04070343527599401,0.2659251038393296,0.0015354337063854637,0.010487204963362138,0.027342256008507284,0.00315488956954896,1
0.02240961945666832,0.09791678447167046,0.061249017072630245,0.2498224310027493,0.19036651484654896,0.04681914975731335,0.03361686344789678,0.0534531710276431,0.09988112509056193,0.034930465822324154,0.10953485800399343,0
0.03940416474641162,0.060087416075611036,0.04286764477122748,0.026098046209630455,0.22186836711593594,0.10791292245979331,0.01129477565072411,0.15177757767977396,0.050005321339928716,0.16831591092807682,0.12036785302288651,0
0.05527750232694505,0.002268530581011914,0.031234589630683273,0.07787049622547879,0.10019181653456594,0.02977259899099239,0.014980839501722775,0.17981939256214155,0.41532489881573775,0.07445723648614297,0.01880209834457761,0
0.03987135495794338,0.002328223909176698,0.30816837133923847,0.01571404433151375,0.10777485202477381,0.040172996981082766,0.10132708598166237,0.13218961310112695,0.22206679559700648,0.02899981238362276,0.0013868493928526386,0
0.012422399585138586,0.19432323208312396,0.17473116288137977,0.07677873589911637,0.07743183883101537,0.0922965947057111,0.01627160981989765,0.20744013073003903,0.04578902274257763,0.040768113902470614,0.06174715881952979,0
0.008355690126721852,0.03158903768843967,0.23267543214266198,0.015012429674543212,0.16053219516088116,0.04889602881646874,0.08565788677474134,0.05917064797876841,0.07634874766472481,0.22052088762144628,0.06124101635060256,0
0.09417715140606533,0.07284484502921253,0.122805513176731,0.3112689844554353,0.14864082214140723,0.02727294195509621,0.003570304561094467,0.0342799260156613,0.10188777123639835,0.005950035770550216,0.07730170425234836,0
0.10446580662105703,0.04678409405027812,0.16946405142912402,0.012962239675816004,0.008982406363582171,0.14979941901993105,0.07867693257674162,0.13409040006632786,0.06561955512899141,0.032531976130750026,0.19662311893740075,0
0.14628282614539306,0.1080328395941886,0.028924148656433096,0.08123626709410449,0.04077561750396716,0.008745959734873824,0.22697434384011864,0.013397055071146769,0.27321155371214834,0.0537775447361011,0.018641843911524965,1
0.05018833861266176,0.13263693927437367,0.08470744156912684,0.1056132668889513,0.06912575758381223,0.07576782847844997,0.12161977765919958,0.018466287816709726,0.04321607657516469,0.016073047579642678,0.28258523796190765,0
0.20004168500250674,0.002790635713860705,0.08482758940237133,0.17993110484466554,0.013816322902607887,0.05822010543122233,0.17141746430918858,0.002395918531249509,0.08293217453189973,0.02448225765378343,0.17914474167664415,1
0.2460176094231742,0.20050856678061105,0.04464546758389285,0.1375634304412484,0.12927248442328387,0.02669169770641256,0.12261729692141261,0.0026188715462761502,0.06298997656544514,0.01815206887396009,0.008922529734283018,1
0.008608875233096771,0.128116925429867,0.04465157038385268,0.1387021667766527,0.007266572925327646,0.04072041070708053,0.08336554066217877,0.16815561744072002,0.04126540157582359,0.10570450282939974,0.23344241603600058,0
0.05577319362070293,0.015460488918669123,0.0014400615671602342,0.11897704974158625,0.0012532554543039987,0.12108006988167874,0.043881631673567116,0.16310622328409463,0.09346704759752625,0.3603850327722585,0.025175945488452242,0
0.10423623925568822,0.03676268009188256,0.04674903973150733,0.07062431048031535,0.14796026348758262,0.29610424481345476,0.10457035092840214,0.038681823083571584,0.03912417629684384,0.09567525015787047,0.019511621672881098,1
0.014357524839351632,0.053708179309420005,0.041528375870254486,0.04309890385382666,0.03263080612725796,0.005274278432371467,0.0022119585068914034,0.5396309073623867,0.06846230366447441,0.059487090582079946,0.13960967145168526,0
0.014552409574182369,0.17700795921453055,0.09121762838609115,0.0055357100818249245,0.03194846914890128,0.12487919342535352,0.1711335347581027,0.03723352936955676,0.0561702137475542,0.010801626068201127,0.27951972622570154,0
0.03035409079056218,0.3294133238887636,0.1208013527274116,0.10778716894754982,0.08279670370202959,0.030203996637150402,0.02237075095654761,0.028689376458159357,0.02376530429831945,0.1741785416524895,0.04963938994101689,0
0.0031757393471717717,0.18532654642382568,0.1147174435047008,0.14005244432597555,0.28142355137470554,0.010181983821032027,0.026893916492198022,0.07567469130049545,0.06346869551769363,0.008907018603259305,0.09017796928894235,0
0.023109947302386174,0.023036944057828763,0.07000821646495992,0.08172105111551675,0.07889437668736779,0.008723684702142225,0.1908768084305112,0.028068051363691112,0.012611437190602497,0.1996629921346728,0.2832864905503206,0
0.22156787694358834,0.18542248450562404,0.11908106010779841,0.08950429317715194,0.010176384978177133,0.05870837571247491,0.05214413071675262,0.03363309098018319,0.14372034960923843,0.07659078675044055,0.009451166518570385,1
0.025495036192249416,0.1178581510357983,0.008117614462978293,0.1953109693623357,0.07006750664027349,0.06715281668317416,0.09200576995456289,0.17849335106962397,0.043816665125704174,0.1161752452787816,0.0855068741945181,0
0.020228669780783755,0.13732730624191636,0.10397006635476569,0.06995368875154545,0.12378897951363517,0.13151290149815725,0.08024089001838368,0.11812902917501382,0.07785330950682415,0.07422590788164195,0.0627692512773327,0
0.12348509901293175,0.01526255806428272,0.18803065666220245,0.18157518146579918,0.0026234024237763633,0.15445552512148275,0.012193127775738303,0.0360716683273828,0.12025381825094963,0.015489185024164397,0.1505597778712894,1
0.14432270539694317,0.05727290044264714,0.0005180917803538805,0.02736107973448162,0.07759870305614865,0.3213161595927022,0.0808041511208044,0.024329393158747725,0.08128709854098601,0.06279656957588761,0.12239314760029746,1
0.008175431034248172,0.10342633500892519,0.05630726515929591,0.2381971752022326,0.03022829450750162,0.07235347465183051,0.1942690395696837,0.007814588441583694,0.2000200235502921,0.08413263306262347,0.005075739811783002,1
0.024675600376240826,0.0848765315585603,0.004805243705430314,0.06014188039172185,0.029252785851044648,0.06684842013188887,0.0032267403780382414,0.1414237529584777,0.2501790843439034,0.2391277765482874,0.09544218375640649,0
0.01156421199279401,0.11782397842675886,0.0020657260864554486,0.0018564273876668566,0.03244405452015314,0.05565375813821577,0.1221010397422065,0.09540938226220826,0.04899271917220721,0.02652801789152943,0.4855606843798044,0
0.05569465300752904,0.06019884812640823,0.017916084337628577,0.15881073973935195,0.11863374458449456,0.025012430714622322,0.008620596536724347,0.11440868773379934,0.10656742984764427,0.03200505508106611,0.30213173029073126,0
0.01244264048811834,0.04302107252483023,0.21848270886869842,0.04135209355496122,0.07731353529543611,0.038507985196553914,0.02435138923608961,0.3140795999652105,0.04000327192717086,0.17059195816557812,0.019853744777352737,0
0.0183230219973901,0.0024181739361852314,0.08062829241051034,0.03514592765434872,0.1527354834660249,0.049003563515569226,0.2636204086351784,0.015689334806081666,0.15517800017834243,0.11458783358803792,0.11266995981233105,0
0.17818548003608306,0.1369095635685035,0.09412596321219473,0.013457075835788937,0.0031627788328867155,0.24259958388492706,0.0917078843387722,0.15229742882312158,0.06282708325622659,0.011934857513243507,0.012792300698252178,1
0.17910528438948548,0.08710151943033505,0.03464514985061016,0.10472138918994253,0.010273284983082824,0.13502114298443707,0.04850526122080186,0.24727002149321475,0.05752347812519981,0.09402402506416221,0.0018094432687282992,1
0.009444823805571156,0.06259178786542866,0.0821101140299478,0.11508096708779725,0.043306874523160954,0.1491204121996355,0.2470287280195016,0.19007023957237373,0.005076870269149207,0.08224738007829303,0.013921802549140883,1
0.028687565374361186,0.4468981574742019,0.015913425170568943,0.0715219997483514,0.09965939703414296,0.1254846989624075,0.08490213256355186,0.0010164143160535449,0.040910603425404285,0.07548533707021857,0.009520268860737747,0
0.08096333377021878,0.006332112919791737,0.015346576823090702,0.09483320583976795,0.026701342075546336,0.15719572698263176,0.21930220375085743,0.30236004901309094,0.04188011793182121,0.034373464910624776,0.020711865982558482,1
0.08145229551702989,0.09868094409208555,0.002583824167616537,0.22156161594683516,0.004296517911516314,0.06274057669623259,0.09939300390909021,0.16484757218647425,0.10079597843602786,0.13026420391477128,0.03338346722232028,1
0.16280371476176939,0.00806138539056678,0.21740411179319483,0.07656968575587728,0.16410145318957833,0.05812060670095965,0.09959038614250629,0.0721508558421241,0.1269679060574342,0.008220520305773228,0.0060093740602159915,0
0.025275443454883324,0.015478301785145605,0.18291646234745007,0.02203634647571994,0.33163968802663185,0.03658471845682073,0.017902803938824565,0.1388514151497887,0.09573259848248136,0.06140553481982935,0.07217668706242443,0
0.08908535252484868,0.018191345290273636,0.39338590651633537,0.2581577989990133,0.07369916826136605,0.015611046120779057,0.07996925728405373,0.0052560606556802105,0.0021835872913942484,0.020900044427302276,0.04356043262895361,0
0.14457768555786377,0.0926445685648724,0.09682671881345727,0.03953155711505192,0.0302810265949673,0.033072490975247344,0.31340766794338515,0.0029197516846055354,0.14390887351668488,0.06165009663677178,0.041179562597092816,1
0.10133146773717218,0.05230294192900804,0.16211715827534987,0.18115499396949436,0.042958577890932666,0.02542130324056486,0.07038314339216485,0.19095364056789127,0.01855458079117281,0.07650687971960146,0.07831531248664789,0
0.10801517043219572,0.011535227347373563,0.10288273832442332,0.19602833661221117,0.016196147444791562,0.02217736741043142,0.29063238339841535,0.0163252241511914,0.15755757138371873,0.055426815799474394,0.02322301769577333,1
0.19255732899226405,0.05546475483869149,0.06806588627930288,0.04188909202977136,0.08459146104218651,0.01680469963040489,0.046687100936487994,0.3281895740942754,0.02810104152197897,0.10063183871028736,0.03701722192434904,0
0.15251997375307064,0.014407438386551525,0.35956360855805136,0.062116715551007166,0.02765625509537064,0.007840994406168327,0.019108802291374478,0.07534094849676344,0.042214145298998404,0.18133327223448223,0.05789784592816182,0
0.030291020718761216,0.10169756887676348,0.12995002329145047,0.019359945540673138,0.019433385064328762,0.003957399747507846,0.14123173087042176,0.11546384108708965,0.06817845861436536,0.19691201979130366,0.17352460639733464,0
0.11118426453547664,0.25600789046997025,0.02910819087668801,0.014990720631626169,0.03970410303864029,0.007423950785692938,0.09567269631900072,0.34837871309840773,0.005069411663305928,0.01644831085039206,0.07601174773079922,1
0.15295102077569453,0.02139942564762047,0.03985219589934325,0.002391040687227099,0.009041867216091062,0.24296571687549906,0.1889669608673447,0.00027886206675430163,0.17076946763351217,0.05739218544836443,0.11399125688254891,1
0.06240629615336687,0.07458353003166292,0.06905275229522595,0.11310503208943608,0.015477519949404016,0.0031313626085763377,0.03787313915737123,0.12550342382494295,0.023199494641339292,0.11515403978358225,0.360513409465092,0
0.007754627624050368,0.08781027965501846,0.04612664922687307,0.15933166391815898,0.015333750275807771,0.0927734537072965,0.14319736226246008,0.22754600257268645,0.09040996804501585,0.0540675314897204,0.07564871122291207,1
0.1870170565446752,0.07781258926596742,0.0028403082388849723,0.24602363614272393,0.10765939883223619,0.10388009255424129,0.022360316638429394,0.0989962126478645,0.046081733192537326,0.09695414814671023,0.010374507795729591,1
0.05049194039705788,0.3503493900503653,0.002326318009046277,0.17795243816900647,0.024594373430397307,0.09632535150626567,0.07179699603685272,0.03940777550551936,0.06313900115670248,0.09924122380352192,0.024375191935264738,1
0.04054007145063623,0.11273739531554733,0.16883621090796533,0.14705691163905665,0.16362693904657852,0.05854528573911125,0.17430014043525077,0.013109165629123475,0.08048822136153924,0.0005911522409350061,0.04016850623425615,0
0.07201841073594725,0.07959720213492849,0.18760235330433186,0.07761989224225681,0.0939552273491907,0.042792902850809084,0.07371867356657857,0.04068086707810469,0.011993705690801765,0.14594293535086744,0.17407782969618307,0
0.12484173604989644,0.08045191087158128,0.061719098479879456,0.25714175787900473,0.09458420851714416,0.08428624395216304,0.003356252661237697,0.053930414170169076,0.0618045043631294,0.06574702864943133,0.11213684440636335,0
0.059718454825064986,0.07330566487227126,0.11334845101745968,0.13127041888890384,0.09914628613753791,0.24372277608275758,0.0014407307764355893,0.0170593415709669,0.0005944008935031414,0.08163502163444358,0.17875845330065543,0
0.029331146598829294,0.27517597253128484,0.0065341557571753205,0.2864194219050559,0.0455460050344842,0.01124142107186682,0.0699335047427334,0.0311948155153126,0.03524570724636437,0.03859360481224714,0.17078424478464602,0
0.11703975053884605,0.05634545577659076,0.14238392172150507,0.19025193243689134,0.0480893037737395,0.08062424046802402,0.01963671721709179,0.030193102088499124,0.17266999060945232,0.030246431017270852,0.11251915435208923,0
0.09535198116049325,0.008729788797171881,0.06470163902926884,0.022897537252581392,0.2544743256323931,0.05103355955356742,0.1266522901930535,0.06171056300506831,0.0034278653260065243,0.07745037611387748,0.2335700739365183,0
0.07935104373892042,0.14746286487595225,0.1858864761572045,0.022320213972745015,0.020547525908529977,0.08140297110752594,0.045643110382059,0.15793111684240668,0.1985496445490613,0.03759728944658967,0.023307743019005275,0
0.16304196466520593,0.03454490297257297,0.1859320158653952,0.05925914620064361,0.11839776240156313,0.010795360547382293,0.1051230540994671,0.06461993189234401,0.0949706128194173,0.019775498533140277,0.14353975000286825,0
0.26638078330234066,0.032761635464451,0.013492777671855,0.0032082273674732893,0.1377495162088855,0.12528301045430593,0.10610676266140523,0.03539102996325562,0.0664891285817019,0.12104395556410504,0.09209317276022097,1
0.2835512951506109,0.009442301787962352,0.07646433169296708,0.03334601470918803,0.03597969372421148,0.08138885402007043,0.07589499418262168,0.3050666614940946,0.008845382337133808,0.007076482929836448,0.08294398797130308,1
0.15136997873832533,0.05615932115067814,0.014503235797850017,0.01569506478519045,0.3936642396611056,0.03733637000339667,0.06846399212766709,0.04504848671240811,0.07685323232304977,0.012610500095075871,0.1282955786052528,0
0.005109167834462624,0.11758855394791601,0.019427338787809615,0.05667371771507106,0.154787012901056,0.07680021726805068,0.05556301599716824,0.028612631838422203,0.029554966461437432,0.08079790411974369,0.3750854731288623,0
0.10585117938171176,0.07965981043655336,0.12806261909333078,0.061102496558057724,0.006055534312145562,0.08066134790237087,0.30862082844564653,0.01881666950854003,0.11434137012253004,0.021898986992659707,0.07492915724645356,1
0.0074368828323557006,0.04377756258127353,0.10322501805552187,0.03123643879600398,0.0799728642204647,0.11607540129327204,0.19161798764114285,0.01955957204921515,0.03728050454485715,0.012095489968700902,0.35772227801719203,0
0.1998591510319581,0.05928904605705464,0.14091353604849483,0.056198838353932086,0.07460920506511991,0.007128179022272213,0.10748521377433153,0.010433701486677688,0.1335613703491282,0.11632682053344459,0.09419493827758639,0
0.005120008302714955,0.05020616902428729,0.042444366708339135,0.062070654452988205,0.012751048282451577,0.3842332932719759,0.11218489455541183,0.05068495131281435,0.07031529642103325,0.08240359044963466,0.12758572721834877,1
0.040292042796790585,0.13994556779330247,0.038184890803454934,0.26944028626829897,0.10596214888400439,0.012995491058511515,0.14826188493170972,0.006875288098392746,0.09451736388996682,0.026622545807339026,0.11690248966822887,0
0.15910475497918747,0.12879256427322247,0.12260868635466488,0.02854560625473401,0.006628608635102157,0.04051926268173793,0.014971481767060764,0.09326749674868455,0.03337036522252678,0.2917225525725965,0.08046862051048259,0
0.1569156372936024,0.012904920137008604,0.17978400013861362,0.23244956427206798,0.06059952905067029,0.08460390964913891,0.13138010845071516,0.017444265031879777,0.06338554621446739,0.04616672081513143,0.01436579894670433,1
0.04405784418911421,0.00679023792125355,0.00251490340437322,0.013965469778264858,0.317353140654487,0.07669117937406712,0.32468357215132937,0.05448076388327751,0.03593827292471047,0.06784788484335817,0.05567673087576428,0
0.010070382632740802,0.09233585312242493,0.021948433931388373,0.08715532755886833,0.09472080046510455,0.014870412501563856,0.005709254718306471,0.13685100194401983,0.05553200581003092,0.005403709885945542,0.47540281742960644,0
0.007135366941132948,0.1423737374678481,0.4933736862334011,0.03277234017240352,0.018395794246435247,0.015514478199354472,0.04332318915433767,0.012770823550051921,0.14124924541406148,0.007710753931179741,0.08538058468979373,0
0.40435986207873725,0.11904191105884276,0.06760108114091891,0.025880766731667573,0.0692153741639558,0.05299664344891956,0.039302308932682516,0.009914840896953454,0.15407978094247304,0.04228742714944249,0.015320003455406673,1
0.05397454822250283,0.06294176463287658,0.20690846404473998,0.15572605647489302,0.17266036814474453,0.0013058566285079447,0.06334921698718851,0.07728730775550748,0.0022813476709545887,0.03541747774984003,0.16814759168824453,0
0.012741603213758407,0.06621770738889053,0.020937849402147476,0.001053665785964907,0.02384877283620783,0.3218028253935024,0.13972633636126125,0.2772097662826988,0.05781596263094724,0.010043225369653177,0.0686022853349679,1
0.08224873223219234,0.2525443448725069,0.014015087275376276,0.09094759903381526,0.022071764831783663,0.05329531719068102,0.18150914446664984,0.08774312083920877,0.06400200375894907,0.06810687325975014,0.08351601223908671,1
0.10227947678718328,0.14813736474121547,0.20683248210061167,0.10286602429028119,0.025212706421646556,0.07752722658798335,0.03829489885857485,0.019557000938576496,0.12229694230894834,0.0026071728308499228,0.1543887041341289,0
0.062226437549398175,0.10193765740077046,0.10827200151653806,0.22670797528074002,0.10179039339819498,0.09568795108153319,0.006934925869445299,0.07345991573549772,0.01635954613773427,0.1344464956957365,0.07217670033441151,0
0.14337397315902714,0.005352710799364298,0.011141989085899941,0.15843561773410494,0.009407951933238335,0.009295845014717283,0.0015319403773354247,0.39423114813314125,0.1681958261677522,0.05480177058923893,0.04423122700618026,1
0.06678939431747806,0.2312754846663645,0.16806503507419687,0.03178736938081378,0.02968986840066759,0.016076193944995928,0.16757635120666578,0.22435135717116605,0.04779547480783422,0.0032853175896045217,0.01330815344021272,0
0.3040092169553133,0.030968945818236625,0.12967268200425555,0.08666038721645757,0.04255222183901154,0.020364649788016404,0.01144438863350017,0.08441529729500172,0.13177076084959016,0.09131411656010016,0.06682733304051679,0
0.0027812897011281136,0.22437771376680035,0.10403276547706486,0.022485261861594028,0.25378470157446015,0.05977106716814386,0.05667413402432978,0.08946891179586754,0.10838480411282177,0.06934346890706856,0.008895881610721025,0
0.04416149927622638,0.2815352204507101,0.02720923246365814,0.04978602023184495,0.060512440995756415,0.06190151280699162,0.10151995201684784,0.3065398202348134,0.029450211577488186,0.013855186880739721,0.023528903064923057,1
0.1382264465004089,0.0658202296947393,0.021354568770414778,0.10733231223359614,0.12530518427112528,0.11884959845788606,0.15932448050708933,0.018433204770537545,0.08920423669413248,0.03913899464883207,0.11701074345123806,1
0.09685413091772159,0.11129207423992826,0.07930910135891273,0.014510021304148853,0.05850336492291099,0.31037140366600696,0.20583820126435035,0.003278602270434988,0.013379471265150161,0.010493318549660872,0.0961703102407743,1
0.16151100101902233,0.022783929023171674,0.06687103035778956,0.1742620484363406,0.12519683220800204,0.07412639827327376,0.08466021771520162,0.06735369710887631,0.033503630952028,0.07896969530219997,0.11076151960409415,0
0.16778053281491653,0.08213176342948661,0.11627055517685572,0.014165439087224037,0.050272467452495646,0.000761339861566333,0.023002664571625114,0.105268244134012,0.3901807068992282,0.008481764195770986,0.04168452237681869,0
0.1721877579674389,0.024408976239361314,0.08662607211968766,0.14127349588933996,0.1023712918106332,0.022278765149972055,0.04696746042286704,0.1638147786620463,0.0864198932970973,0.0005608412653902371,0.15309066717616596,0
0.002506116986475221,0.09546096813026557,0.01577214378810747,0.22111324086938772,0.03198165730145517,0.027599332763982295,0.01123829009385193,0.025424674014300794,0.14588757064247004,0.390993662642938,0.032022342766765785,0
0.05861568876420912,0.12606943101184448,0.21398461631666807,0.08852217472402521,0.0489158769248894,0.05239018430140364,0.11711757024397683,0.0003173869911262413,0.09516370712062056,0.043251272820016805,0.1556520907812197,0
0.010919561629765078,0.09926062569623688,0.07336941887210946,0.11502522645401571,0.007501655472130299,0.09704980444796463,0.09222768368476683,0.09201752920114169,0.10349242248114247,0.1262493814654962,0.18288669059523086,0
0.0352388514690573,0.19534813405557622,0.07728355966908142,0.008985970438430612,0.006761120518399984,0.04558849061107927,0.17219510237328084,0.13782318684558006,0.17414895241113018,0.08161255943257202,0.06501407217581207,0
